0
0
0
0
0
0
0
0
0
0
0
0
0
0
3408652932
0
0
0
0
0
0
0
0
0
0
0
0
0
0
0
0
0
0
0
0
0
0
0
0
0
0
0
0
0
0
0
0
0
0
0
0
0
0
0
0
0
0
0
0
0
0
0
0
0
0
0
0
0
0
0
0
0
0
0
0
0
0
0
0
0
0
0
0
0
0
0
0
0
0
0
0
0
0
0
0
0
0
0
0
0
0
0
0
0
0
0
0
0
0
0
0
0
0
0
0
0
0
0
0
0
0
0
0
0
0
0
0
0
0
0
0
0
0
0
0
0
0
0
0
0
3366550703
0
0
0
0
0
0
0
0
0
0
0
0
0
0
0
0
0
0
0
0
0
0
0
0
0
0
0
0
0
0
0
0
0
0
0
0
0
0
0
0
0
0
0
0
0
0
0
0
0
0
0
0
0
0
0
0
0
2151435475
0
0
0
0
0
0
0
0
0
0
0
0
0
0
0
0
0
0
0
0
0
0
0
0
0
0
0
0
0
0
0
0
0
0
0
0
0
0
0
0
0
0
0
0
0
0
0
0
0
0
0
0
0
0
0
0
2374258821
0
0
0
0
0
0
0
0
0
0
0
0
0
0
0
0
0
0
0
0
0
0
0
0
0
1636082658
0
0
0
0
0
0
0
0
0
0
0
0
0
704294263
0
0
0
0
0
0
0
157317535
0
0
0
0
0
0
0
0
0
0
0
0
0
0
2926231709
0
0
0
0
0
0
0
0
0
0
0
0
0
0
0
0
0
0
0
0
0
0
0
0
0
1421662387
0
332954902
0
0
0
0
0
0
0
1951658660
0
0
0
0
0
0
0
0
0
0
0
3401279498
0
0
0
0
0
0
0
0
0
0
0
0
0
3731212387
0
0
0
0
0
0
0
0
0
0
0
0
0
0
0
0
0
0
1334207787
0
0
0
0
0
0
0
2296607607
0
0
0
0
2319937348
0
0
0
0
0
3271930112
0
0
120742556
0
0
0
0
0
0
0
0
0
0
0
0
0
0
0
0
0
2141071705
0
0
0
0
0
0
0
0
0
0
1929625098
712462778
0
0
0
0
0
0
0
0
0
0
2239683588
2554258542
0
0
515298037
0
0
0
0
49865661
704294263
0
0
0
2693183679
0
0
0
0
1913609111
0
0
3950451698
0
0
0
0
3542631592
0
0
1387481692
0
0
0
0
0
3830515622
0
0
0
0
0
0
0
0
0
0
0
0
0
0
308707629
2207442950
0
0
0
0
0
0
994377547
0
0
0
0
0
0
0
0
0
0
0
0
0
0
0
0
0
0
0
0
0
0
0
0
0
0
0
0
0
0
0
0
0
2291638422
0
0
0
0
0
0
0
0
2737018225
0
0
0
0
0
0
0
2373860898
0
1470887683
0
374540867
0
0
0
0
2266703297
0
0
0
0
0
0
3302968685
0
268448975
0
0
0
0
0
0
0
3019142858
0
0
3203844792
0
0
0
0
0
0
0
0
0
0
0
3043948745
0
0
0
0
0
0
0
0
0
0
0
0
0
0
0
0
0
0
0
0
0
0
0
0
0
0
0
1969076680
0
0
0
0
0
517564074
0
0
3132223900
0
0
120742556
0
0
0
0
0
2458575351
0
0
0
0
0
0
0
0
0
0
0
0
0
0
0
2402635244
0
0
0
0
0
1407510960
0
0
0
1498838051
0
1595448354
0
0
0
1845855720
0
0
0
1237663403
0
0
0
0
2833729000
0
0
0
1752316814
0
0
0
0
0
0
0
0
1768913415
0
0
0
0
0
0
0
0
0
0
0
0
0
0
2770546116
0
0
1537566693
0
0
0
0
2547334466
2754203314
0
0
0
0
0
0
0
0
0
0
0
0
1529395320
2924577952
2926231709
0
0
0
0
0
1919527481
0
0
0
0
0
0
0
0
0
0
0
0
0
0
0
0
424411678
0
0
0
0
0
0
0
0
0
0
0
0
0
2254962974
0
0
0
0
0
0
2397155125
1484289592
0
0
0
0
0
0
0
692211846
0
0
0
0
0
0
0
0
964239330
0
0
0
0
0
0
0
0
0
3410478195
270422113
2350988759
0
0
0
30808539
0
820386200
0
0
0
0
3056764439
0
0
0
3915638330
0
0
2807970735
0
0
0
0
3188294331
0
0
0
0
0
1931437415
0
0
0
0
0
0
0
0
0
0
0
0
0
0
0
0
1636835614
0
0
0
0
0
0
0
0
0
0
0
0
0
0
0
0
3009914708
1210716721
2757363289
3329833598
0
0
0
0
3301740947
0
0
0
0
0
0
2578629036
0
2477405178
0
0
0
0
0
0
0
0
0
0
0
0
0
0
0
0
0
913989204
672096690
0
0
0
0
0
0
0
3062290577
0
2145059274
0
0
0
2929725589
0
2302868080
0
0
0
0
0
0
0
0
0
0
1233544818
0
0
0
0
232990006
0
0
0
0
0
0
1091753816
0
0
0
3223171213
0
3132223900
0
2400443745
0
0
0
0
0
0
1170727023
0
0
0
0
0
275402196
1005981491
0
0
3614342037
0
3629510811
0
0
0
0
0
0
1314267704
2414426512
3897568063
897344822
0
0
0
0
3193727182
362689694
0
1921927251
0
0
1237930809
3271930112
472744544
0
0
0
711150429
0
0
0
0
3434975591
0
964239330
0
412067738
0
0
0
625634603
0
0
0
0
0
2722081476
0
0
3302968685
1197231885
0
0
0
2927791815
0
0
0
0
2218628703
0
0
0
96342785
0
0
0
2538585033
0
0
1165110421
189786316
0
0
0
0
0
3775485022
0
0
0
0
0
0
0
2191472274
1999474406
0
0
0
0
809713538
0
0
0
0
0
3661446090
0
0
0
0
0
3026021841
0
0
0
0
0
0
0
0
0
13241958
3158388393
0
0
0
0
0
0
0
0
3775485022
0
0
0
0
0
3780546599
0
0
2500144296
0
0
0
0
2892548971
0
0
0
0
3442074661
0
0
0
0
0
0
3366550703
0
0
1943497734
0
718613426
0
0
0
0
0
0
0
0
0
0
0
0
0
0
0
2898365172
0
0
0
0
0
3801833022
0
2860944652
677950282
0
0
321969309
0
0
0
0
0
0
0
2070269294
0
1419817504
0
0
2212035937
0
0
0
0
0
0
0
0
0
0
0
0
0
0
0
0
0
0
0
0
1205393637
0
0
0
1392835305
0
964239330
0
0
0
0
7596734
0
0
0
0
0
0
0
603600382
2203434590
0
3225351139
0
0
2360187879
771081272
0
0
0
0
0
0
2969671754
0
0
0
1234456804
0
0
277527215
0
0
0
2254962974
0
0
0
0
2905195976
0
0
0
0
0
0
0
1471857841
0
0
0
0
0
0
0
0
1827974664
0
0
0
0
0
0
91643491
1958675963
0
3775485022
3174015104
681781336
0
3340751678
0
0
0
0
2929725589
0
0
0
0
0
2554258542
0
2697526165
0
1636918790
0
0
0
0
0
0
0
0
0
0
2916546400
3354705585
0
0
0
0
0
2881616473
0
0
0
0
0
0
0
1974647941
0
0
0
0
1745942341
0
0
3092170160
0
0
0
1241093200
0
3830515622
0
0
0
0
0
0
0
0
0
0
0
0
2169714305
1257850999
1712974791
74446797
0
3783125785
0
0
2076146143
0
0
0
0
3871393808
0
2414426512
0
0
1913609111
0
3775485022
0
2496074321
0
0
0
0
0
0
0
0
0
0
0
3828466330
0
0
0
0
0
0
0
0
0
0
0
2334329143
0
7514160
0
3737214665
1640058396
57927248
0
1044923286
0
0
499495426
0
0
3877232567
0
3583685106
0
2737018225
0
0
0
0
2792269348
0
0
0
778824097
2263072796
0
2619766522
0
0
1533655945
0
2482471662
0
0
0
0
1443354427
0
0
2419116163
0
0
0
0
0
0
738852699
778824097
0
0
0
0
0
0
1008080016
0
0
0
600567770
0
0
0
0
2243669270
632465010
0
1747554968
0
3157168641
0
0
0
0
2971451852
0
0
0
1316433665
0
0
0
1974647941
0
0
0
838417914
0
3051374533
0
0
174274622
0
0
0
0
0
0
0
3044901799
0
0
0
1475140188
136250957
0
0
2176633094
0
0
0
0
0
0
0
0
0
0
24684318
0
2578249528
0
0
0
3501329260
0
2159058692
0
0
0
0
2042200617
1414713524
0
0
0
0
3931475919
0
0
0
0
0
932438338
0
0
0
181390046
233887894
0
0
2496091893
0
0
3329833598
2367314009
0
0
1425439465
2911786629
1894465359
2816117948
228961748
3258362529
2930279251
2127177017
1407510960
0
0
323930233
0
0
3289592053
3664927403
695795712
0
0
0
2757363289
524251649
3011218463
0
2527023672
677400395
0
0
2190629968
0
3906897737
0
0
0
1364716446
0
0
0
0
0
328105043
0
0
0
0
0
0
0
0
0
0
0
0
0
2182779652
24684318
0
30808539
0
0
0
0
0
0
1976033151
0
0
0
0
0
1719704177
0
0
0
0
0
0
0
0
0
2984628816
0
0
0
0
0
990366205
3697848511
0
3020395052
0
858773448
0
0
0
0
0
0
248388023
0
0
0
0
0
0
0
0
3360299704
3794885749
2338566184
2842884580
0
2256201996
2423452091
2323335339
0
0
2125110493
0
0
277527215
0
0
0
109248470
3762998881
0
0
0
0
2531331766
0
1287277275
0
0
3238588302
0
2932579746
0
207396273
0
0
0
0
0
0
0
3324567099
189786316
0
0
1796010315
3292726663
1656950515
0
0
2141664478
0
0
0
0
0
2286666588
3324567099
600567770
1772378290
0
0
0
3888949529
2916546400
189786316
3624488305
0
576936778
0
0
0
0
0
0
3834516689
0
3983938701
0
0
1570840921
0
0
3401279498
0
0
0
0
0
74446797
0
578368545
0
0
3662316319
3210082669
3577181884
2981523064
2496074321
0
3012258896
2306119011
0
0
3267561426
2213653168
0
0
0
0
0
323930233
1172048024
0
0
1869133315
0
0
3301740947
0
0
0
2647130280
0
0
0
771081272
0
0
0
0
0
0
0
1604586596
0
0
3188338044
0
3682427082
474398150
3289070058
0
3533288899
0
0
2842884580
0
0
0
0
0
0
0
2050410584
0
3819346088
0
3685595706
0
0
0
0
0
0
0
278317302
0
177863051
0
0
0
1617204809
0
1063685780
0
0
1869188438
942958956
2309969107
0
0
3952586956
3750911618
0
0
0
1109243121
0
2691359695
0
1518977258
91643491
0
2679666725
1229459983
0
0
2642494649
0
612263224
0
0
0
3389526301
0
3142931119
0
0
0
0
453762457
0
0
0
2793762713
0
0
0
0
0
0
0
0
0
1375543947
0
0
1001659422
0
0
0
0
0
0
2656625708
3612451886
0
0
0
1543492569
3044901799
0
0
2962135412
0
0
0
2467036130
407136124
0
0
2218535786
649834253
1604586596
2583516274
3721144151
0
2266341760
3819346088
0
0
2754203314
0
0
0
3247143140
0
0
2576944298
2981523064
0
0
3267561426
1184284058
0
3415316099
0
165509160
0
49865661
3953332483
0
0
0
0
0
0
0
531692417
1544178661
0
0
0
0
0
0
2065625188
0
0
0
0
328105043
978932777
0
1806318834
0
0
0
0
0
0
3952586956
0
0
0
0
0
3762998881
2969671754
0
2608780597
0
0
0
0
0
838417914
2589713123
2400467682
1570840921
0
0
0
1229399792
2394847300
1441542218
0
0
3804834247
0
0
0
0
0
0
1534258223
0
0
3979408712
1717858750
2212035937
1922240659
0
2826228896
0
0
1612231533
3547614631
0
0
989026342
1656317
0
0
3517803038
2363043879
0
0
0
0
0
2575236098
798865609
0
911377439
3542910911
0
0
0
0
0
2528318144
913175240
1533655945
3149563293
0
3537004373
2697526165
0
1871376278
0
1767426128
1165110421
0
1821467480
0
1995611826
0
0
0
0
1043580708
3044901799
0
3362508138
0
268448975
0
0
1451656293
3614570672
0
0
0
332954902
949276895
0
3698205302
931649342
0
920233660
3750817328
1843255702
2797379773
0
0
0
3719277630
0
0
0
2573877540
0
0
0
0
0
0
0
3721144151
875819721
0
0
2111531366
0
0
0
0
0
0
1486412110
2105402193
0
881839884
0
989026342
0
0
2253698556
0
0
0
3960506193
0
0
2451430246
0
814847278
3740340758
0
1313362775
0
1415434289
0
1433005434
0
0
1923911650
0
3110098899
2190629968
3379501551
0
632786319
0
0
0
1900135812
0
0
582430165
0
323623425
2530860605
0
911377439
0
1931437415
0
0
0
0
0
0
802655937
0
3005996009
430396808
0
0
2757155829
3365002198
0
3091061718
1270192103
3767179133
3497417358
3544483611
0
0
3468168256
748993263
3264597273
0
3798991367
1504980750
0
1105838935
543521638
0
2169714305
0
0
2214331311
0
0
0
0
1897099753
0
0
0
2760328550
1498838051
0
345834773
0
0
0
0
0
2946760781
1040655476
285610256
284362418
3334389367
0
0
0
2239683588
0
0
0
0
0
0
0
0
0
3046327333
373951635
2321719107
3318850765
0
961506
692600355
0
0
0
0
1286794462
2576944298
1361989035
0
1723934265
2370397336
3794946443
1937952757
0
1719480739
0
2226379504
0
3071188723
0
0
366797272
0
0
0
1723982428
617387903
0
21955305
308707629
0
15765023
0
0
0
0
0
0
1467893518
1845365383
0
0
0
776066087
0
0
0
0
0
1731458184
0
0
897344822
3497417358
0
0
812315709
141399053
0
0
3738295410
0
1317434477
2476428456
1798035481
0
0
0
0
0
1843255702
0
0
1515222816
0
2737830354
1722645340
0
2092563470
0
3635301438
0
598647271
0
0
0
0
0
3504067761
1974647941
0
0
0
0
0
323930233
940913113
0
0
0
2891910426
0
2856518787
0
1731327958
3056764439
2480496920
0
3316241946
0
0
3068741967
2797379773
0
0
3737780909
2155114510
0
0
0
0
2267482778
0
0
0
0
2791304451
865154169
0
2701728459
864824028
0
571978444
1649469925
3380555417
1342784936
0
0
0
3410572601
0
0
0
0
0
2962135412
0
3022477986
3959348195
1806318834
765960514
3837938811
2478972404
0
1237663403
651360388
0
3821291129
0
954117953
0
0
3622287343
3267740868
0
0
0
834643826
0
0
1059282906
1681776033
0
3011218463
1423667059
3639319143
0
0
0
0
3118764683
2398065424
0
0
0
0
928534040
3789377385
2808123032
0
2932579746
0
0
0
0
0
2998721226
2050410584
3181159387
3383548867
0
0
0
0
0
520300638
0
0
1169147525
2145059274
3573892802
0
3933077431
0
0
0
0
0
3735494902
0
3195288087
0
3828466330
0
1075671579
410067797
0
0
0
1784641840
0
1921802281
193134048
0
3105997248
631379572
1865028340
0
1311708670
0
0
0
0
0
0
0
0
2804168350
0
1642587142
1601544776
0
3185706619
0
0
2575236098
0
0
3297052925
0
2645098676
0
0
0
0
0
2633865458
0
0
1332985093
0
546444640
3444024461
3334389367
0
0
0
284906819
0
0
0
132277576
0
3568501559
0
3673825239
298480607
2454818710
0
0
1920977323
3519055655
869516268
195806099
0
2082011749
1555875904
2190629968
0
2981523064
0
601173988
3404724516
2080168293
0
0
0
855114191
0
0
0
45148878
0
3262205134
2499309652
552075884
0
0
0
3975436877
0
2238032734
0
2522035531
0
3370125998
0
2170720962
1973283421
1419817504
0
0
2399195968
2528318144
0
0
0
0
894032751
2042200617
0
1065066998
2034210067
0
0
1783566078
0
0
400311196
2004197435
0
0
0
0
0
47785220
581909792
2780234489
0
0
3249688833
2442255997
0
291127802
2254962974
0
1637041478
1931437415
0
2588507753
2946760781
0
73075379
172046398
2569815540
0
1203607499
0
1768348161
0
521521251
0
3533288899
2158883212
185965086
3248038438
0
3629510811
637474602
1008833603
0
0
0
3132223900
3449571994
3523318391
3387802311
1987884625
0
2145059274
2785923420
0
2742042593
0
0
1270192103
0
874148521
2371360809
400311196
1287277275
0
0
0
1184284058
1821467480
3468168256
679718312
0
0
2538810230
0
171644641
0
942958956
0
0
195592231
1996885489
3739688720
1473690351
0
0
0
0
3493097929
0
0
3753512351
3513190629
0
2265909815
2842884580
0
0
2088233828
3225351139
2415603443
599255381
903109055
3499323270
0
2538585033
3960506193
3163668678
0
0
2760328550
3335572551
3961576121
0
2096409219
1237930809
0
0
0
2569815540
3520535664
0
2316475850
3737214665
3347086303
0
3614570672
2580534984
0
0
599150925
0
2182779652
0
0
0
0
1061261800
0
0
0
3764088818
0
2838167498
0
508478038
0
0
1711111396
3537036910
3830515622
0
1964633067
0
1147952975
0
1518214026
2374402683
2628650646
3324567099
1757488717
0
0
1182039448
1561935638
0
3506039959
3505415638
0
0
1919527481
2822136984
1991523088
0
2055594068
2857402920
0
1642587142
3270739139
0
3044320249
0
0
3509502779
0
1258522856
2670394359
0
0
343750756
3247143140
174487821
0
0
0
0
1420283478
3996722514
0
0
308707629
402376676
68958584
0
1934389909
0
738852699
3496059941
3972219975
2863711636
0
601731007
284362418
0
0
2731301398
3269579059
501924236
0
3472102511
1531576889
1806318834
3160846079
3362508138
0
620627645
0
1615968120
0
3219722711
0
0
1273445358
1169086787
0
0
0
0
3102644744
0
0
934306610
3316581446
3515659072
0
0
0
1976033151
3158388393
359995774
3678507741
2788822237
3916800551
0
174487821
2908815198
0
2055594068
2367314009
0
2687796486
0
0
0
2887423837
1789720473
1648794240
0
400311196
3434975591
0
1731486296
3550571581
1196672089
1098523774
2207442950
2270227109
0
0
2997357409
1230759593
0
2538585033
1336119864
362120442
1361989035
0
3671000242
0
866175197
0
0
1798035481
2606977810
184953456
667888072
3971384441
3242655943
0
1721096958
0
0
0
0
0
3440970193
3910843683
1078010645
1467893518
1865383878
1596765940
2064965597
601173988
0
1498072161
2742711490
0
3863267807
1738075035
3363606256
0
0
91643491
3453937813
0
0
2266341760
0
809713538
0
1170727023
1528473252
3971384441
920169560
242411652
0
3005311232
797968852
2228695520
2228276823
395048964
0
2209381253
2379201616
3833515258
1764885886
2604161694
2165693175
2228695520
3718012767
934306610
3049507823
412067738
0
2737018225
3290174803
0
0
0
413192169
0
0
1341254169
1815931655
2050425852
0
2322064802
0
1430702100
2313864172
0
285610256
0
0
0
1169086787
764492638
887496861
0
0
149332151
1027501382
3387802311
1937489090
0
1592717807
1534258223
260956507
0
0
0
1837493079
0
0
1750095674
0
2763569984
0
0
2699409989
2213653168
2414511235
3502901384
0
3892166423
713878563
3950451698
3871393808
3789348843
831909489
2629137748
0
3188338044
2062809269
3264562143
195592231
2499309652
3401279498
651360388
1806205793
1928812281
2966997123
0
2589713123
3320759979
2425833381
0
3096878777
0
0
0
0
3764088818
599150925
0
0
0
0
174274622
1559198077
989114780
126488977
1439372489
1290171613
0
3365002198
2305933225
1998760349
3499676307
0
786085231
2313864172
3590203867
0
0
0
0
0
3476439188
0
0
2266341760
0
3986791767
0
451991189
0
0
1165282823
2851347267
1239034219
2848285780
1636835614
0
3582439706
1637288701
3772471647
0
0
0
3081926018
2080168293
0
2775592274
333397217
1414002529
963589089
2183957648
774865564
1529357775
0
1998396724
332826729
68958584
1681776033
354967143
1457854599
0
2699712812
0
465927171
1405848551
3144624225
3210082669
68958584
0
1421578118
0
0
1226788128
3396266559
1590564407
1286794462
3664927403
3673825239
1934389909
0
1309610961
1159399049
3396561385
2577013798
0
2739756175
1438017834
2243109453
3956392537
0
2597465540
2896880933
0
0
3637829188
0
2876496044
2530860605
0
504767517
64362339
3877232567
1923297581
0
2693183679
0
686753722
393864066
0
0
277848370
0
1313362775
617387903
129258660
3443502736
1024886193
1109243121
3960506193
3193727182
2214343064
874148521
3730843404
1472793341
851010676
0
2329896369
324797836
322814061
0
1612722809
2860944652
3329566974
540382248
990272652
3695637276
0
1446771207
0
0
0
1750501219
2151860865
0
0
1842901999
3877232567
0
701005964
0
340903884
842846430
614429794
0
2727698017
0
1002649817
0
3635301438
0
3789348843
1509503509
1498838051
3253798079
0
3989348564
2449174783
3166784089
301256820
0
210083464
672096690
0
1678204154
0
0
3058912788
3133213779
0
3617241974
0
0
0
2892548971
0
0
0
2838167498
521521251
1012192305
0
1923911650
0
2860944652
0
0
1678208789
3617241974
3659242420
3242655943
1354648365
0
3282270173
219857865
3605331282
2467036130
3972219975
0
262655953
2522035531
0
1472793341
2158922912
318907071
3202680131
598647271
0
895966737
0
888521883
941994706
2302868080
194085305
1890065665
3731212387
0
0
2472111618
0
1417284921
1446888954
1640774318
1433005434
1712974791
0
0
290316822
3055369310
1550910476
0
0
3958634375
3072473573
2250187542
0
3764088818
0
0
0
3379638404
3229176431
1170727023
1086379394
387910749
2176633094
1631319923
0
2488656182
0
869516268
3892873225
0
1854640525
0
35034797
3253798079
1440304463
1659595273
646089005
3621768760
1260263224
242411652
3073288172
3858270367
0
1759265572
277527215
632786319
1662426202
668272876
1448061766
3386261302
3132223900
3960774734
846805848
0
2194300129
621809992
2083903421
3415467732
0
154084995
3004355653
9313574
2477405178
3583685106
0
1430702100
0
0
0
0
2739756175
651360388
3772471647
0
2181146296
3011218463
0
2966997123
0
663284295
3136541756
1592717807
1604586596
3526628750
3981728881
0
2364873293
1145329612
315100438
1764885886
0
3994252084
0
3124910124
2078123874
2335483063
759435638
0
1459605635
1080715073
0
2582949600
0
3729267811
2758349380
2244214328
1307566115
3729300618
3847238324
1386402635
3613482426
0
647294822
2456383749
0
0
2701728459
1294665918
1974647941
2270450748
2899463552
2757363289
2761665678
3789425192
0
0
756496724
1116672230
0
2717918859
3124910124
0
2166332781
2415603443
3283886726
1012192305
1659595273
1731327958
0
0
1786470041
2046780941
181390046
858773448
924362150
0
3271774658
2017940970
0
1750516656
3218139841
3559094117
2511716034
3616304000
1798964111
0
599150925
0
3209514311
2238032734
711150429
2023117783
954330578
0
2735749715
3311068382
2478972404
1750772226
3046327333
68958584
518565266
2927246657
0
778824097
2986105395
521521251
1361877007
865154169
0
3055369310
0
2500741259
576936778
0
0
631633608
3185706619
13241958
0
0
2514883546
1865383878
0
692600355
0
1387481692
187207727
1658533803
2151860865
0
3963258906
0
458330601
2286666588
0
3896473274
0
2862090826
0
438696084
0
612263224
56097598
1948391485
883832684
0
339030301
1596020255
0
0
1540257239
0
2608830476
215755313
0
0
0
0
1270192103
2319996212
1533372455
0
3039895581
3118683108
3527055210
2080055595
2004197435
2164713082
2205827094
2658449490
2239683588
1209817455
0
0
798006863
1790705418
425087625
419430168
0
0
0
0
2036191095
3474909950
2213653168
402376676
0
3332271607
1206720714
0
0
0
2850880118
2450925359
3132979765
2903500654
2042200617
0
0
1210716721
1914010112
3336332493
0
1636140864
3698822783
581662118
3804799601
0
2671759705
2110983643
1137738802
295776879
3712455910
0
0
1524329996
0
1075671579
0
0
738827833
378855205
3053478130
0
1937952757
0
1945801821
291127802
2269992372
0
3661860832
0
858773448
0
1470459577
2908815198
0
1444796802
0
2213968606
2527023672
3242272723
3402246308
821803256
0
1008080016
0
2804215265
3118764683
2998721226
756347722
0
1459605635
0
1078830943
2394847300
136074263
1337394724
635468223
1928812281
0
379972815
2602237035
974767522
0
0
0
3292726663
3262415429
1048980566
3995600775
2929725589
1177497261
612340998
1174969211
0
0
2908585855
3486283486
3297424168
0
0
0
2090027193
0
3809651331
0
222053076
702734762
3185706619
3638590670
3499043413
959287750
1589098589
1114060108
0
0
3453362413
0
2508383702
0
1420283478
2467036130
0
3302567816
2597465540
0
3908821503
0
2193647059
1730382071
0
45148878
3785752240
2402635244
2170720962
2379988870
1347081465
0
496067603
3293066692
40046600
3699310199
2440109206
3217855169
2867661422
3447796353
3632636325
3027643906
0
0
0
982489
0
799525039
2597061222
3698822783
1300049386
357106220
1679498742
1550910476
1555875904
350882611
0
852712374
833040030
3415467732
3836714753
0
33619791
0
1455579539
332826729
0
3934032634
0
0
1457370523
3967811397
3974923798
1750501219
2989949228
2193647059
3043948745
564163633
0
0
831909489
721619576
2030444288
0
3331364615
0
400311196
418731146
3959348195
300604344
3753512351
653727179
2506516712
2389028783
2722081476
602364403
3637218662
2103530893
2252131705
1105838935
0
3933903399
3267163699
3459959841
219713679
2414762916
2624667050
2078123874
2629137748
1867932756
0
3884493436
343750756
0
1723982428
3921827569
3655774675
0
0
725417209
14324334
310655195
734262074
646689622
1217540012
2583516274
3909204558
0
2213653168
0
901814897
3396561385
3561973219
2260204755
3519055655
856616998
0
641735941
0
1847621559
2373860898
0
3614899340
3139804236
3289070058
0
0
0
0
1543492569
0
298480607
3909204558
0
2795173292
3572857497
1913504395
341338696
3524226482
0
3005311232
2145059274
2319996212
1776756552
322814061
970073744
3798788082
1145441141
1723037752
3495225142
0
834643826
3625143698
1272763882
0
3258362529
1078754633
2761892550
2908815198
3994337311
779674574
1425962113
3974923798
2238674851
2580330074
3812828199
2839346192
738827833
3372259681
3533288899
2737690979
615846541
2313864172
0
3896644174
3622287343
193134048
0
1877169054
1107918310
1440678110
2298883924
0
3505012551
3259390380
755112721
1777753409
0
290316822
3611264467
920169560
0
3774212477
2165957279
1205393637
2924411630
1578540821
0
1294665918
2844374325
2086074960
1805798648
0
3155299917
2538852351
0
0
195806099
3091745774
777609704
384125898
0
3637326766
1794699063
1859127469
3764088818
1712224137
0
2500741259
0
1746681805
1012192305
1717858750
475213514
2288139995
0
3762979416
323930233
276766434
2529739730
3666797097
0
0
0
386409611
1165110421
1493626494
718613426
3483177996
3267740868
0
1693722373
0
1106733844
229858330
1012192305
0
3270739139
0
0
465927171
172002148
1259188912
3696545977
0
3837256692
2305933225
661736515
2450925359
2538852351
3249688833
3524014898
0
1828629146
3320690380
2102235047
2426481736
2633365663
3563207728
3951357073
0
232351180
921502903
2666349289
1425962113
0
0
0
66094165
753181608
3777844364
3774654984
396504547
1830065446
346803917
159724284
3828466330
2475640766
3858270367
2260204755
1726984944
3913098396
3750817328
0
0
357873376
395048964
1887516443
362689694
1085595429
3527167021
3922714487
2578629036
3767835294
3609076166
0
2165639121
1772378290
1038722630
1723934265
2528318144
567495393
2177107758
773500287
0
1188672326
2956909415
3638254541
2584131527
3393514787
2214331311
2160359318
280198513
1393936324
370760344
3184019466
0
1151625395
3944881488
1586533272
1927950543
848494090
2166332781
0
2588507753
0
1146663357
2451751856
2779915313
549724452
2800093851
2072260095
788978328
1645224368
1472105784
1439372489
3157168641
2954370382
322814061
416575586
0
627695108
2465174102
3844018027
0
360785172
1747407794
1475140188
3933903399
3293066692
3527167021
3160846079
3612451886
318966496
2526772781
2538852351
1569576171
3796901182
1059282906
149332151
878458163
1779179933
2856185690
387910749
1268084480
1237663403
398016696
677950282
3846141154
129258660
2130844762
0
0
1197231885
3009011050
1027269940
3283886726
557609368
0
2452864297
913175240
3855349832
2742042593
3188842000
858606553
1790804646
12136882
3264597273
2076505953
0
30808539
2813482139
1044240152
2285354493
3230548684
704890826
2656449420
3832600794
3529268133
1995611826
3053478130
1996369018
3718773870
354967143
574015741
1954776236
3592285591
2792269348
0
920417403
514887460
2887760125
1059994762
0
3585583415
526852281
877993128
2274689742
0
146786071
935704208
3309160337
592497112
0
1243319543
1091587875
2144486773
1029732747
2423452091
2780416484
3509229679
2373860898
0
904144501
3609101733
2585718638
2469965739
3362511234
1636918790
2867750437
2015785045
2256142510
3515659072
897344822
194079522
2941305534
3402024303
3966340282
3202742277
1726393410
913053913
987532314
712462778
1854640525
612263224
532757508
22753451
167131209
3668790267
2256399212
2078123874
3601720209
236367867
1720988249
686753722
842846430
677400395
2239683588
3531828506
2370397336
674682932
755112721
0
1720824014
0
905748925
28045262
3521605476
1266319326
2691359695
172046398
0
2596017051
1924801071
2092563470
1124206548
546444640
0
0
0
3980482032
0
620627645
0
842279027
3448090188
3502503023
677400395
1008080016
297186219
1808060148
2697526165
504767517
1844729572
392683817
171644641
3994337311
1965393244
428431381
3459959841
2954370382
1171371876
0
3661761577
1640058396
379972815
2985831575
3308989894
3479211077
3167162601
1845365383
373951635
2043577699
789328970
2226020529
2891910426
2880104845
1332985093
3515351485
441592743
0
3550461653
753030874
1559198077
3180026825
628869592
542970736
3309257399
2477524125
248388023
653554137
1238546440
3054016200
582996769
0
1202250184
286543021
20094078
615337232
165509160
3062835489
0
3950987961
366797272
1336461841
0
1472793341
0
1850686619
3167723484
0
2553223678
1307566115
2111531366
832277159
0
0
1503588391
1442028212
2158258950
1093166886
1515222816
688743776
2213968606
915815567
3722050460
1210716721
1021725821
2039045476
2060863167
3302921456
3110969462
3753512351
3896644174
0
3641777568
3917618393
386409611
1347081465
2296284148
3324567099
280198513
242411652
1672956205
1423667059
3565591451
1108487885
2596017051
73075379
357873376
3641777568
0
1246084343
0
2860944652
2103952920
300604344
1096960573
3290174803
1233141269
3574586926
2758349380
194532098
0
1870880020
3163668678
3529964776
2738054782
3659242420
1567207515
3330674541
3586059344
3328172587
3386261302
1990690229
253459507
2939779030
0
1280306707
0
2967874478
1483573863
2430662424
1483573863
904937682
0
3264248281
2243734102
549724452
3065653732
2218535786
3378551650
3638254541
2513426057
1593857726
3877232567
3558360668
587746948
0
2361165614
0
1561935638
2521670815
2010239985
710856498
3611264467
2799224147
3662663746
2214331311
3708766012
865782446
2604161694
3057877441
913053913
0
1720824014
0
1473109667
864824028
3454328253
687582359
1900135812
0
2465174102
1431852739
0
3239083750
2896880933
1859551908
1202250184
121868995
1648794240
3110166130
0
3804834247
1921241095
2351613
908555207
1913895335
2572420973
2748569357
0
1387010471
0
3807440097
2270450748
3372210624
1148005580
3625359938
756496724
3092170160
3038922489
676644627
1614912054
3378551650
0
2104335953
1645224368
2071359358
0
2407323019
522763971
0
0
3738438292
3931021136
3271331976
839106591
2211197110
1444796802
534477014
1827974664
546444640
2692635089
2709112982
225500046
252179785
1268084480
2962135412
3807440097
2904324535
806180055
2217455059
961506
2711518571
1395464773
2070269294
3659587322
869012198
1460052941
3616304000
2693183679
2274379590
0
0
2449174783
1474051712
2790860788
2693841097
0
194532098
0
0
838417914
1617204809
2580534984
759435638
1923297581
3027643906
3966340282
0
2226753280
2967810717
478424411
3729300618
1039462073
3550571581
2477524125
1019199251
2628650646
2351613
3089908682
407136124
1845332396
2531331766
1297837528
0
0
3426142303
2505668518
3393514787
0
1268084480
2926231709
3529964776
0
3975748749
834664643
2297444456
0
2881666361
1033582966
2198620890
1262242550
0
222053076
2999357493
12220277
705502043
3671189156
3809651331
2415508540
3557460923
2966771435
0
57927248
2763569984
0
2972152333
3051182399
3692317474
1842901999
564569962
1386402635
2084461144
1137720169
392683817
2496271754
2737018225
0
2513426057
3087478918
444719707
2214866985
64699058
3048185917
2219124245
0
12220277
0
892700648
0
942958956
3776329328
3388124873
2049814214
708836387
0
2645758897
3917004166
3304925554
3945977173
3744575248
0
3623460924
0
2831189239
1116672230
627695108
129340870
658594712
0
56097598
1277143316
125237755
866144418
2360240475
1310068161
759663602
1446170584
1391897965
1013021731
1345669181
374540867
3586324407
1944331164
3929380821
3170774906
2454818710
0
3888949529
634369013
1476790308
3060085504
3780546599
74446797
3242655943
920417403
3760607362
2971983982
2111829163
3627199017
3859927533
2792269348
3555566018
1093526272
1773442498
0
2383078969
0
1895756369
32238019
566718769
2971451852
3434186213
1462145780
2162222825
2312901090
1375543947
1822347819
3981586336
2975325023
918786509
995738068
1739481374
3944652559
2940386697
24638944
1537566693
1309684132
1386402635
1751003028
2414511235
2275741888
2437869870
1991523088
2639290465
2437459901
1498072161
2394847300
1227996757
79004366
3025658712
3393690726
695795712
2526084186
1626313405
1188672326
2844890578
1205238989
1636835614
0
1790705418
0
3992002844
3383548867
438826316
2566927028
3584123191
2790860788
2672730220
2804168350
2030444288
3596181010
2417224209
676408337
1207066585
0
3404724516
958323990
2015970311
956126223
1963814973
2816117948
1615618299
1484289592
1459163519
1335622376
849971864
1654231838
3039895581
1720988249
1366026085
3525457256
674682932
246066283
1653832504
1322211109
0
705935342
1771025054
852047582
2866494519
1599523529
2953858670
3493157088
297550714
1303228910
3091061718
2928010550
931649342
3324198012
1808475058
468474398
283021154
2171760492
1648794240
866144418
2286666588
3865175078
3711232183
1913504395
3295170829
1859127469
1248409164
3034530017
2916546400
1358535252
2475640766
3107371029
3738433727
3144567088
646689622
3430236557
3156851717
416840584
0
2469632398
671350645
3512711455
2926231709
2297444456
3586324407
0
3159050945
3950451698
3400226816
332954902
1844232650
3264248281
3622287343
555356060
3789377385
2374515612
798865609
0
304119358
2125053197
3454312442
1610233477
1589535289
1279160035
2394847300
346279077
421167402
107309328
2956505927
1228210374
1536697332
1950982413
1504946854
2133303742
1702701150
954330578
0
3696357120
3132288900
444764313
3895172848
2477278801
1815931655
736526298
393520993
3463443693
668308739
270422113
651360388
2296270193
1900135812
3938894040
236359298
3397343108
3363928845
3260902665
615846541
184953456
728752155
1354648365
832277159
1246084343
1976033151
222635586
3053478130
1459163519
2212519150
244491775
2311521454
2666349289
1846995351
2329207608
1735807354
2297845610
685720957
3316241946
829464335
3061348692
814837758
2437869870
3836714753
3411565922
289542243
1499782625
1251531580
0
546017832
3277888202
1250662255
2226924508
2226104729
2423452091
3626198743
3975436877
1922240659
1109072324
858773448
3872654661
2437459901
911377439
2573029666
1184284058
3898545715
2616914819
2282526920
3484822720
3166784089
825962647
3952783649
889822358
208314343
2940386697
3906897737
1455579539
1015173260
1656950515
1850686619
1875214388
2547955522
2857402920
1059282906
1505538193
3171368466
2898365172
171703869
2419982572
3469556664
2532295729
2787247541
2680438632
2090027193
3649834933
2344795446
1784641840
2967874478
3647006632
2887420712
282607652
3210628568
2246881088
3025658712
2526084186
3576232835
2761140918
1111956865
1438016017
1897353701
1248409164
1519836653
3711232183
1799280795
1610889660
2355588093
1464782608
3938894040
3955492127
0
3427640798
416840584
1019446151
1080715073
410067797
1451656293
1232249574
1425962113
590349850
1750095674
2103530893
2794540727
451991189
2851202851
3577181884
3222435112
3632636325
3734979960
2539913103
3526724124
2580526346
1279932215
2624667050
704794438
2362325347
3344998318
870787750
778824097
1637288701
3468446779
1075008104
2597061222
9313574
5080780
2700290950
1528318840
184953456
3991315833
3057877441
157317535
2850160690
385612261
552716851
3069715488
1033582966
2419511644
2722258671
2804801673
3300005127
2013151506
3218488995
3073560634
162229497
2887420712
3318850765
2611508084
771798260
3661857240
1941503026
1821467480
3195863571
425087625
1370318030
1205393637
3262205134
2068533432
2244214328
3500829069
2923560551
3190900741
3855349832
2159883250
3280445308
1237930809
1749828142
2357668616
2633365663
1818112435
3318101419
2851202851
605516972
3450283218
2220564886
2123843775
738852699
2743155353
3596181010
600784563
1012192305
1178770741
1721520946
2538852351
154002355
3693102549
3044320249
2309299913
604915966
2453004683
865970108
1354145537
3014690911
964147876
1612309812
2098139781
848618296
584691124
2017940970
3064596157
185184134
2775592274
3027298593
2374258821
901791553
1448752127
2697653009
2757363289
1779586370
2955938808
830131393
2523051870
1303228910
2411551532
2659621534
3644225372
801247742
855114191
242411652
1737923672
232351180
3191247837
2240831597
1017546218
1761613152
3649123792
2275718118
2178674355
3177821229
2371634399
3499996916
1983431361
366797272
2407680919
1684737110
3163886458
1075008104
1734995666
830131393
3271057060
819937493
272569962
2062996555
1229990357
2408436872
270422113
3089908682
2323381014
3576135702
1571912430
2486756232
1174969211
3297310900
360785172
2141071705
1922240659
2591352586
2688923392
1063923160
280198513
728752155
728752155
2324030695
814847278
3037332306
2214040377
552840629
181722957
3301740947
3604419631
1188672326
2925582051
2910520196
2790860788
568908106
1776353544
1403688367
1059253865
3413724548
1515222816
